3725.0 0.06076
3775.0 0.06348
3825.0 0.07944
3875.0 0.10069
3925.0 0.09213
3975.0 0.09443
4025.0 0.14783
4075.0 0.14156
4125.0 0.13930
4175.0 0.14533
4225.0 0.15032
4275.0 0.14422
4325.0 0.13459
4375.0 0.15538
4425.0 0.16305
4475.0 0.17182
4525.0 0.17766
4575.0 0.18336
4625.0 0.18785
4675.0 0.18623
4725.0 0.18511
4775.0 0.19645
4825.0 0.19039
4875.0 0.16961
4925.0 0.19082
4975.0 0.18770
5025.0 0.18200
5075.0 0.19364
5125.0 0.18312
5175.0 0.17863
5225.0 0.18978
5275.0 0.19516
5325.0 0.20508
5375.0 0.20634
5425.0 0.20886
5475.0 0.20784
5525.0 0.21343
5575.0 0.21525
5625.0 0.21368
5675.0 0.21489
5725.0 0.22477
5775.0 0.22056
5825.0 0.23731
5875.0 0.23218
5925.0 0.22909
5975.0 0.22820
6025.0 0.22949
6075.0 0.23503
6125.0 0.22461
6175.0 0.21914
6225.0 0.21962
6275.0 0.22570
6325.0 0.22247
6375.0 0.22860
6425.0 0.23235
6475.0 0.23919
6525.0 0.23615
6575.0 0.23085
6625.0 0.24548
6675.0 0.23978
6725.0 0.23454
6775.0 0.23224
6825.0 0.23541
6875.0 0.23294
6925.0 0.23560
6975.0 0.23926
7025.0 0.23327
7075.0 0.22076
7125.0 0.21660
7175.0 0.20603
7225.0 0.20628
7275.0 0.21242
7325.0 0.21869
7375.0 0.21578
7425.0 0.21530
7475.0 0.21651
7525.0 0.21438
7575.0 0.21071
7625.0 0.20932
7675.0 0.19782
7725.0 0.18995
7775.0 0.18562
7825.0 0.18773
7875.0 0.17759
7925.0 0.17816
7975.0 0.18184
8025.0 0.18564
8075.0 0.18638
8125.0 0.18320
8175.0 0.18277
8225.0 0.18256
8275.0 0.17023
8325.0 0.17918
8375.0 0.16818
8425.0 0.16382
8475.0 0.16590
8525.0 0.15991
8575.0 0.16609
8625.0 0.15619
8675.0 0.15735
8725.0 0.16419
8775.0 0.15348
8825.0 0.16301
8875.0 0.15178
8925.0 0.15236
8975.0 0.15813
9025.0 0.14849
9075.0 0.15868
9125.0 0.15424
9175.0 0.14868
9225.0 0.15051
9275.0 0.15125
9325.0 0.15080
9375.0 0.14607
9425.0 0.13560
9475.0 0.13713
9525.0 0.16533
9575.0 0.14779
9625.0 0.14555
9675.0 0.12227
9725.0 0.12129
9775.0 0.13776
9825.0 0.14553
9875.0 0.13182
9925.0 0.14329
9975.0 0.14091
